R = 1*10^3
C = 2000*10^-6
